A-n54-k7
13 38 49 41 32 9 20  (99)
21 50 37 46 27 39 10 34 22  (98)
24 36 30 16 11 18 2  (87)
31 12 28 3 15 43 25 52  (91)
33 14 23 4 54 45  (100)
44 5 29 19 6 51 40 8  (95)
53 17 7 35 47 42 48 26  (99)
Cost 1282.41

A-n39-k6
12 7 37 2 22 24 18  (86)
14  (72)
21 33 35 23 19  (54)
25 16 31 3 9 8  (75)
27 6 30 29 10  (51)
28 11 17 5 34 20  (98)
4 39 13 38 32 36 26 15  (90)
Cost 967.109

A-n33-k5
16 13 6 28 26 31  (92)
29 19 32 20 2 22 15  (90)
30 17 4 11 18 10  (94)
3 25 7 12 24  (73)
23 21 5 27 8 9 14 33  (97)
Cost 738.944

A-n36-k5
15 35 24 7 4 32 20 5  (94)
2 12 25 22 19 34 30 31 18  (95)
8 27 21 16 9 36 3  (96)
17 26 28 23 33 14  (62)
11 6 10 29 13  (95)
Cost 946.125

A-n55-k9
7 46 2  (89)
8 5 26 30 51 49 19  (93)
13 16 12 52 3  (96)
22 9  (32)
31 14 55 24 53 25 45  (97)
33 11 6 54 48 39 17 41  (91)
37 38 4 15 47 21  (80)
42 29 23 28 20  (78)
43 32 27 34 35 18  (91)
44 36 40 50 10  (92)
Cost 1209.71

A-n38-k5
8 6 23 28 12  (86)
10 22 9 34 36 24  (87)
19 11 31 27 13 4 2  (86)
20 30 35 7 26 17 5  (93)
25 15 3 16 14 37 18  (75)
33 21 29 38 32  (54)
Cost 842.94

A-n44-k6
5 20 29 16  (55)
3 42 23 37 10 39 14 15  (93)
27 11 12 17 21 19 36 2  (97)
28 34 25 6 22 33 43 38  (98)
32 9 8  (46)
35 18 13 7 26 4  (87)
40 31 24 41 44 30  (94)
Cost 1030.84

A-n61-k9
10 59 48 57 28 22 37 30  (97)
16 39 4  (100)
20 15  (38)
24 8 34 43 33 27 5  (100)
25 31 11 60 46 38  (85)
40 29 61 12 45  (63)
41 26 21 7 42 54 9  (92)
50 3 6 55 47  (84)
51 14 18 58 53 32  (71)
52 35 36 19 49 17 2  (91)
56 44 23 13  (64)
Cost 1170.23

A-n62-k8
29 35 60 56 27 34 59 18 51  (100)
16 8 11 9 52  (67)
48 43 22 5 36 50 12  (100)
49 13 14 39 20 3 45 23  (85)
32 26 10 55 4 25 40 28 24 42  (100)
41 62 30 44 58 33 7  (99)
21 57 53 37 38 17  (96)
54 15 61 6 19 31 2 47 46  (86)
Cost 1433.48

A-n34-k5
27 5 21 11 14 33 22  (98)
34 19 3 17 23 10 13 4  (92)
6 31 25 30 15  (79)
7 9 28 24 2  (99)
8 16 12 20 18 29 32 26  (92)
Cost 841.214

A-n63-k10
18 57 30 26 60 11  (92)
21 29 58 33 45 35 12 48  (98)
38 9 36 28 7  (96)
41 54 16 19 6 20 46 40 43 4  (100)
44 31 39 5 27 14  (100)
50 15 13 10 3 42 2  (98)
52 59 23 56 34  (94)
53 37 49  (63)
55 61 47  (95)
63 51 32 25 8 22 62 24 17  (96)
Cost 1398.41

A-n45-k7
13 19 41 8 21 17  (74)
14 9 39 18 26 24 43 16  (91)
22 15 23 6 31 38 2  (98)
29 44 42 30 37 20  (100)
33 10 11 25 12 4  (99)
40 36 35 27 5  (84)
3 7 45 34 32 28  (88)
Cost 1271.32

A-n33-k6
33 15 18 30 12  (98)
7 8 20 3 16 10 21  (97)
22 13 11  (92)
29 14 19 2  (89)
25 24 32 26 28 31 17  (84)
6 9 4 5 27 23  (81)
Cost 815.205

A-n63-k9
20 21 55 30 61 26  (92)
27  (22)
49 37 31 3 46 6  (95)
41 15 59 33 56 51 36 18  (95)
8 14 35 50 9 28 60 25  (94)
17 62 4 42 10 43  (95)
16 13 29 23 54 22  (93)
11 48 5 44 39 32 47 2 19  (100)
38 7 40 24 53 63 58 52  (98)
12 57 45 34  (89)
Cost 1756.01

A-n80-k10
8 11 64 12 63  (89)
13 24 6 60 28 32 18  (92)
25 7 35 38 3 9 69 44 17  (95)
37 43 52 4 75 30  (90)
45 31 79 62 58 20 48 57 70 66 36 27  (98)
50 74 14 41 22 2  (87)
54 71 59 51 33 46 23 5  (98)
68 67 39 77 73 55 34 16 56 10  (97)
72 15 49 19 80 29 53  (97)
78 61 40 65 47 42 26 76 21  (99)
Cost 1947.07

A-n37-k5
26 36 19  (33)
16 35 37 33 30  (60)
31 27 32 29  (32)
23 14 13 11 7 6 34  (100)
22 17 8 5  (59)
2 18 15 24 21 20 3  (74)
4 25 9 28 12 10  (49)
Cost 853.768

A-n69-k9
13 63 57 39  (87)
20 24 52 31 10 50 34  (87)
25 23 27 47 64 12  (77)
29 8 35 66 28  (62)
30 41 40 9 60 42 21 46 36  (91)
32 19 54 3 65 62 22 68  (99)
44 53 17 49 37 2  (88)
55 6 38 51 11 33 18  (91)
58 43 15 26 48 56 61 5  (84)
59 67 69 14 45 16 4 7  (79)
Cost 1344.64

A-n37-k6
31 16 33 28 25  (92)
14 12 11 27  (81)
15 19 32 20 35 18 5  (90)
34 22 10 3 29 24 23 13  (95)
37 30  (39)
17 36 26 8  (99)
7 21 9 6 4 2  (74)
Cost 1014.06

A-n53-k7
32 39 19 41 27 11 50 30  (93)
42 25 12 35 53 14  (88)
52 47 9 36 28  (97)
2 5 29 23 31 45 38 3 51 37  (63)
40 26 22 15 6 4  (75)
21 7 34  (63)
46 49 43 44 24 20 16 33  (100)
48 10 18 8 17 13  (85)
Cost 1154.58

A-n45-k6
3 26 13 40 37 17 5 43  (90)
27 30 28 44 19 18  (97)
2 45 7  (48)
24 29 8 14 23 16  (94)
25 38 35 12 41 31 20  (95)
10 33 21 6 4 11 9 42 34 22  (100)
39 15 36 32  (69)
Cost 1031.2

A-n39-k5
5 19 10 13 26 20  (89)
9 12 18 27 7 29 14  (80)
15  (24)
22 31 37 28 25 35 38 36  (99)
34 32 2 24 21 30 6 33 11  (94)
39 16 3 23 4 8 17  (89)
Cost 910.187

A-n64-k9
7 46 49 34  (70)
11 10 38 60 56 50 45 40 51 32  (100)
12 54 4 31 18 58  (94)
13 44 29 2 28 15 36 27 22 8 41 37  (95)
20 52 24 35 5  (93)
26 30 39 23 19  (97)
16 63 21 43  (100)
42 57 53 14 33 62 25 61 17 9  (99)
6 55 59 3 64 48 47  (100)
Cost 1508.88

A-n46-k7
29 22 21 42 32 30 28 2 41 35  (100)
20 38 3 31 5 39  (97)
12 9 16 34 43 25 17  (94)
18 46 15 27 14 44 7  (100)
24 10  (28)
6 33 40 4 23 11 8  (89)
37 13 36 45 26 19  (95)
Cost 1044.28

A-n60-k9
3 37 49 23 11 55 6  (99)
7 32 29 45 50 31 54  (95)
19 20 60 8 14 9  (92)
26 17 21 4 47 41 12 22 5  (84)
35 24 25 40 16 56 36  (94)
39 30 58 38 18 28 27  (100)
42 34 53 48 15  (75)
51 44 57 13 33 52 10  (97)
59 2 46 43  (93)
Cost 1451.48

A-n48-k7
42 18 15 19  (63)
7 2 6 32 44 24  (94)
13 23 39 38 4 26 20  (95)
17 48 3 34 11  (100)
30 10 43 12 5 25 22 31 47 14  (94)
35 28 16 9 40 27 21  (96)
45 36 41 33 37 8 46 29  (84)
Cost 1225.03

A-n65-k9
6 33 59 21 62 43 39 3  (95)
16 23 10 15 4 37 36  (98)
18 52 40 8 55 64 12  (91)
22 26 20 25 53 11 9  (90)
30 41 60 57 45  (91)
46 42 17 51 61 38 31  (98)
50 44 28 5  (59)
56 54 19 14 13 2 34  (95)
63 29 24 58 49  (60)
65 7 47 48 35 32 27  (100)
Cost 1338.14

A-n32-k5
13 2 17 31  (72)
15 23 10 19 29 9 12 5  (78)
21 6 30 16 11 26  (71)
27 8 14 22 32 20 18  (98)
28 25 7 4 3 24  (91)
Cost 882.764

