Input folder: ./instances/A/cases/
Choose the algorithm: 
 Heuristic 
  1 - Clarke & Wright 
 Exact 
  2 - Backtracking 
  3 - Branch and Bound 
 Meta-heuristic 
  4 - Genetic Algorithm 
  5 - Tabu Search 

Using Clarke & Wright Heuristic
A-n61-k9.vrp (1.23895ms)
Solution generated:
10 59 48 57 28 22 37 30  (97)
16 39 4  (100)
20 15  (38)
24 8 34 43 33 27 5  (100)
25 31 11 60 46 38  (85)
40 29 61 12 45  (63)
41 26 21 7 42 54 9  (92)
50 3 6 55 47  (84)
51 14 18 58 53 32  (71)
52 35 36 19 49 17 2  (91)
56 44 23 13  (64)
Cost 1170.23

Optimal Solution:
Route #1: 14 7 23 55 50 
Route #2: 12 22 4 26 43 32 42 33 
Route #3: 10 2 46 54 5 53 40 
Route #4: 19 8 41 6 20 58 
Route #5: 51 35 18 47 56 27 21 36 29 25 
Route #6: 44 11 1 16 48 34 9 
Route #7: 3 38 15 
Route #8: 13 17 57 52 31 60 28 39 
Route #9: 24 49 59 45 37 30 
Cost 1034-----------------------
A-n62-k8.vrp (1.31706ms)
Solution generated:
16 8 11 9 52  (67)
21 57 53 37 38 17  (96)
29 35 60 56 27 34 59 18 51  (100)
32 26 10 55 4 25 40 28 24 42  (100)
41 62 30 44 58 33 7  (99)
48 43 22 5 36 50 12  (100)
49 13 14 39 20 3 45 23  (85)
54 15 61 6 19 31 2 47 46  (86)
Cost 1433.48

Optimal Solution:
There's no optimal solution file
-----------------------
A-n63-k9.vrp (1.34562ms)
Solution generated:
8 14 35 50 9 28 60 25  (94)
11 48 5 44 39 32 47 2 19  (100)
12 57 45 34  (89)
16 13 29 23 54 22  (93)
17 62 4 42 10 43  (95)
20 21 55 30 61 26  (92)
27  (22)
38 7 40 24 53 63 58 52  (98)
41 15 59 33 56 51 36 18  (95)
49 37 31 3 46 6  (95)
Cost 1756.01

Optimal Solution:
There's no optimal solution file
-----------------------
A-n36-k5.vrp (0.430029ms)
Solution generated:
8 27 21 16 9 36 3  (96)
11 6 10 29 13  (95)
15 35 24 7 4 32 20 5  (94)
17 26 28 23 33 14  (62)
2 12 25 22 19 34 30 31 18  (95)
Cost 946.125

Optimal Solution:
Route #1: 9 6 3 4 19 31 12
Route #2: 28 14 34 23 2 35 8 15
Route #3: 16 11 24 27 25 5 20
Route #4: 10 7 26
Route #5: 1 22 32 13 17 30 29 33 18 21
cost 799
-----------------------
A-n64-k9.vrp (1.34711ms)
Solution generated:
7 46 49 34  (70)
26 30 39 23 19  (97)
12 54 4 31 18 58  (94)
13 44 29 2 28 15 36 27 22 8 41 37  (95)
20 52 24 35 5  (93)
16 63 21 43  (100)
6 55 59 3 64 48 47  (100)
11 10 38 60 56 50 45 40 51 32  (100)
42 57 53 14 33 62 25 61 17 9  (99)
Cost 1508.88

Optimal Solution:
There's no optimal solution file
-----------------------
A-n80-k10.vrp (2.22334ms)
Solution generated:
8 11 64 12 63  (89)
13 24 6 60 28 32 18  (92)
25 7 35 38 3 9 69 44 17  (95)
37 43 52 4 75 30  (90)
45 31 79 62 58 20 48 57 70 66 36 27  (98)
50 74 14 41 22 2  (87)
54 71 59 51 33 46 23 5  (98)
68 67 39 77 73 55 34 16 56 10  (97)
72 15 49 19 80 29 53  (97)
78 61 40 65 47 42 26 76 21  (99)
Cost 1947.07

Optimal Solution:
There's no optimal solution file
-----------------------
A-n33-k5.vrp (0.3356ms)
Solution generated:
16 13 6 28 26 31  (92)
23 21 5 27 8 9 14 33  (97)
29 19 32 20 2 22 15  (90)
30 17 4 11 18 10  (94)
3 25 7 12 24  (73)
Cost 738.944

Optimal Solution:
Route #1: 15 17 9 3 16 29
Route #2: 12 5 26 7 8 13 32 2
Route #3: 20 4 27 25 30 10
Route #4: 23 28 18 22
Route #5: 24 6 19 14 21 1 31 11
cost 661
-----------------------
A-n33-k6.vrp (0.333281ms)
Solution generated:
22 13 11  (92)
6 9 4 5 27 23  (81)
7 8 20 3 16 10 21  (97)
29 14 19 2  (89)
33 15 18 30 12  (98)
25 24 32 26 28 31 17  (84)
Cost 815.205

Optimal Solution:
Route #1: 5 2 20 15 9 3 8 4
Route #2: 31 24 23 26 22
Route #3: 17 11 29 19 7
Route #4: 10 12 21
Route #5: 28 27 30 16 25 32
Route #6: 13 6 18 1 14
cost 742
-----------------------
A-n55-k9.vrp (0.9774ms)
Solution generated:
7 46 2  (89)
8 5 26 30 51 49 19  (93)
13 16 12 52 3  (96)
22 9  (32)
31 14 55 24 53 25 45  (97)
33 11 6 54 48 39 17 41  (91)
37 38 4 15 47 21  (80)
42 29 23 28 20  (78)
43 32 27 34 35 18  (91)
44 36 40 50 10  (92)
Cost 1209.71

Optimal Solution:
Route #1: 4 7 42 31 20 46 26 
Route #2: 36 11 15 51 2 17 14 
Route #3: 37 3 34 33 21 
Route #4: 1 45 6 8 
Route #5: 25 41 29 
Route #6: 23 52 24 44 50 48 18 
Route #7: 32 38 16 40 53 5 10 12 
Route #8: 30 22 19 27 13 54 28 
Route #9: 47 39 49 9 35 43 
cost 1073
-----------------------
A-n39-k5.vrp (0.512405ms)
Solution generated:
9 12 18 27 7 29 14  (80)
39 16 3 23 4 8 17  (89)
34 32 2 24 21 30 6 33 11  (94)
15  (24)
22 31 37 28 25 35 38 36  (99)
5 19 10 13 26 20  (89)
Cost 910.187

Optimal Solution:
Route #1: 17 24 35 37 34 26 11 8 
Route #2: 2 22 3 7 16 32 10 
Route #3: 21 30 13 28 27 36 6 
Route #4: 14 19 25 33 12 18 4 
Route #5: 9 38 15 5 29 20 23 1 31 
cost 822
-----------------------
A-n32-k5.vrp (0.330351ms)
Solution generated:
27 8 14 22 32 20 18  (98)
28 25 7 4 3 24  (91)
21 6 30 16 11 26  (71)
13 2 17 31  (72)
15 23 10 19 29 9 12 5  (78)
Cost 882.764

Optimal Solution:
Route #1: 21 31 19 17 13 7 26
Route #2: 12 1 16 30
Route #3: 27 24
Route #4: 29 18 8 9 22 15 10 25 5 20
Route #5: 14 28 11 4 23 3 2 6
cost 784
-----------------------
A-n65-k9.vrp (1.36885ms)
Solution generated:
6 33 59 21 62 43 39 3  (95)
16 23 10 15 4 37 36  (98)
18 52 40 8 55 64 12  (91)
22 26 20 25 53 11 9  (90)
30 41 60 57 45  (91)
46 42 17 51 61 38 31  (98)
50 44 28 5  (59)
56 54 19 14 13 2 34  (95)
63 29 24 58 49  (60)
65 7 47 48 35 32 27  (100)
Cost 1338.14

Optimal Solution:
Route #1: 55 29 62 39 51 17 
Route #2: 45 61 42 38 2 41 16 50 60 
Route #3: 21 25 52 24 13 12 1 33 
Route #4: 49 4 3 36 35 37 30 
Route #5: 47 34 31 26 6 64 46 
Route #6: 28 23 57 48 54 63 11 7 
Route #7: 44 59 40 58 20 32 
Route #8: 5 53 56 10 8 19 18 
Route #9: 43 27 14 9 22 15 
Cost 1174
-----------------------
A-n63-k10.vrp (1.30133ms)
Solution generated:
21 29 58 33 45 35 12 48  (98)
38 9 36 28 7  (96)
41 54 16 19 6 20 46 40 43 4  (100)
44 31 39 5 27 14  (100)
18 57 30 26 60 11  (92)
50 15 13 10 3 42 2  (98)
52 59 23 56 34  (94)
53 37 49  (63)
55 61 47  (95)
63 51 32 25 8 22 62 24 17  (96)
Cost 1398.41

Optimal Solution:
There's no optimal solution file
-----------------------
A-n53-k7.vrp (0.944857ms)
Solution generated:
2 5 29 23 31 45 38 3 51 37  (63)
21 7 34  (63)
32 39 19 41 27 11 50 30  (93)
40 26 22 15 6 4  (75)
42 25 12 35 53 14  (88)
46 49 43 44 24 20 16 33  (100)
48 10 18 8 17 13  (85)
52 47 9 36 28  (97)
Cost 1154.58

Optimal Solution:
Route #1: 9 16 32 15 19 23 43 50 36 2 37 
Route #2: 4 28 17 41 11 24 52 34 
Route #3: 47 7 12 48 42 45 22 
Route #4: 51 46 8 35 27 
Route #5: 33 6 20 31 
Route #6: 39 3 5 14 13 21 25 
Route #7: 1 30 44 29 49 10 26 40 18 38 
cost 1010
-----------------------
A-n69-k9.vrp (1.60851ms)
Solution generated:
13 63 57 39  (87)
20 24 52 31 10 50 34  (87)
25 23 27 47 64 12  (77)
29 8 35 66 28  (62)
30 41 40 9 60 42 21 46 36  (91)
32 19 54 3 65 62 22 68  (99)
44 53 17 49 37 2  (88)
55 6 38 51 11 33 18  (91)
58 43 15 26 48 56 61 5  (84)
59 67 69 14 45 16 4 7  (79)
Cost 1344.64

Optimal Solution:
There's no optimal solution file
-----------------------
A-n45-k7.vrp (0.647051ms)
Solution generated:
13 19 41 8 21 17  (74)
14 9 39 18 26 24 43 16  (91)
22 15 23 6 31 38 2  (98)
29 44 42 30 37 20  (100)
33 10 11 25 12 4  (99)
40 36 35 27 5  (84)
3 7 45 34 32 28  (88)
Cost 1271.32

Optimal Solution:
Solution 1:

Route #1: 21 27 41 43 11 3 28 6 2 
Route #2: 8 42 1 37 30 22 9 
Route #3: 31 29 19 36 5 32 
Route #4: 40 20 16 7 18 
Route #5: 39 24 44 33 14 
Route #6: 35 34 26 4 12 
Route #7: 10 15 25 23 17 38 13 

Solution 2:

Route #1: 8 42 1 37 30 5 22 
Route #2: 13 38 17 23 25 15 10 
Route #3: 18 7 16 20 40 
Route #4: 39 21 24 44 14 9 32 
Route #5: 33 29 19 36 31 
Route #6: 27 41 43 11 3 28 6 2 
Route #7: 12 4 26 34 35 

cost 1146
-----------------------
A-n37-k6.vrp (0.438461ms)
Solution generated:
14 12 11 27  (81)
15 19 32 20 35 18 5  (90)
17 36 26 8  (99)
31 16 33 28 25  (92)
34 22 10 3 29 24 23 13  (95)
7 21 9 6 4 2  (74)
37 30  (39)
Cost 1014.06

Optimal Solution:
Route #1: 7 25 35 16 
Route #2: 18 31 19 9 21 26 
Route #3: 14 6 36 29 24 
Route #4: 33 2 28 23 22 12 11 10 4 
Route #5: 13 30 15 32 27 
Route #6: 20 8 5 3 1 34 17 
cost 949
-----------------------
A-n46-k7.vrp (0.674725ms)
Solution generated:
6 33 40 4 23 11 8  (89)
12 9 16 34 43 25 17  (94)
18 46 15 27 14 44 7  (100)
20 38 3 31 5 39  (97)
24 10  (28)
29 22 21 42 32 30 28 2 41 35  (100)
37 13 36 45 26 19  (95)
Cost 1044.28

Optimal Solution:
Route #1: 23
Route #2: 13 4 30 2 37 38
Route #3: 19 15 24 16 42 33 8
Route #4: 21 29 31 34 40 1 27 20 41 28
Route #5: 9 17 45 6 43 26 14
Route #6: 5 32 22 10 7 39 36
Route #7: 11 12 35 18 25 44 3
cost 914
-----------------------
A-n45-k6.vrp (0.644613ms)
Solution generated:
10 33 21 6 4 11 9 42 34 22  (100)
25 38 35 12 41 31 20  (95)
24 29 8 14 23 16  (94)
27 30 28 44 19 18  (97)
2 45 7  (48)
3 26 13 40 37 17 5 43  (90)
39 15 36 32  (69)
Cost 1031.2

Optimal Solution:
Route #1: 18 17 11 40 30 19 34 44 
Route #2: 29 43 13 7 28 23 
Route #3: 32 20 5 21 33 41 8 10 3 
Route #4: 12 39 36 42 4 16 22 9 
Route #5: 26 27 37 24 6 1 
Route #6: 15 25 2 38 31 35 14 
cost 944
-----------------------
A-n38-k5.vrp (0.467376ms)
Solution generated:
19 11 31 27 13 4 2  (86)
10 22 9 34 36 24  (87)
20 30 35 7 26 17 5  (93)
25 15 3 16 14 37 18  (75)
33 21 29 38 32  (54)
8 6 23 28 12  (86)
Cost 842.94

Optimal Solution:
Route #1: 37 11 27 22 5 7
Route #2: 10 30 29 34 19 18
Route #3: 20 32 15 13 36 17 2 14
Route #4: 28 31 6 25 16 4 1 3 12 26 21
Route #5: 24 33 35 23 8 9
cost 730
-----------------------
A-n60-k9.vrp (1.17019ms)
Solution generated:
3 37 49 23 11 55 6  (99)
7 32 29 45 50 31 54  (95)
19 20 60 8 14 9  (92)
26 17 21 4 47 41 12 22 5  (84)
35 24 25 40 16 56 36  (94)
39 30 58 38 18 28 27  (100)
42 34 53 48 15  (75)
51 44 57 13 33 52 10  (97)
59 2 46 43  (93)
Cost 1451.48

Optimal Solution:
There's no optimal solution file
-----------------------
A-n44-k7.vrp (0.610831ms)
Solution generated:
27 11 12 17 21 19 36 2  (97)
28 34 25 6 22 33 43 38  (98)
32 9 8  (46)
35 18 13 7 26 4  (87)
40 31 24 41 44 30  (94)
5 20 29 16  (55)
3 42 23 37 10 39 14 15  (93)
Cost 1030.84

Optimal Solution:
Route #1: 1 35 18 20 16 11 10 26 
Route #2: 31 8 15 27 28 7 
Route #3: 22 36 9 38 13 14 41 2 
Route #4: 4 34 39 12 3 25 6 
Route #5: 17 23 30 40 29 43 
Route #6: 24 5 21 32 42 37 33 19 
cost 937
-----------------------
A-n39-k6.vrp (0.485292ms)
Solution generated:
14  (72)
12 7 37 2 22 24 18  (86)
28 11 17 5 34 20  (98)
4 39 13 38 32 36 26 15  (90)
25 16 31 3 9 8  (75)
27 6 30 29 10  (51)
21 33 35 23 19  (54)
Cost 967.109

Optimal Solution:
Route #1: 37 31 14 35 25 33 19 2
Route #2: 26 11
Route #3: 24 3 38 12 9 28 29 5
Route #4: 15 30 13
Route #5: 18 27 10 16 4 8 7
Route #6: 6 1 36 17 23 21 22 34 32 20
cost 831
-----------------------
A-n54-k7.vrp (0.96021ms)
Solution generated:
44 5 29 19 6 51 40 8  (95)
13 38 49 41 32 9 20  (99)
21 50 37 46 27 39 10 34 22  (98)
24 36 30 16 11 18 2  (87)
33 14 23 4 54 45  (100)
53 17 7 35 47 42 48 26  (99)
31 12 28 3 15 43 25 52  (91)
Cost 1282.41

Optimal Solution:
Route #1: 29 26 45 21 33 9 38 
Route #2: 11 19 8 31 40 48 37 32 
Route #3: 14 2 12 27 6 16 
Route #4: 13 22 3 53 44 
Route #5: 43 4 28 7 39 50 5 18 
Route #6: 30 25 47 51 24 42 46 41 34 52 
Route #7: 23 20 49 36 1 17 10 15 35 
Cost 1167
-----------------------
A-n37-k5.vrp (0.44739ms)
Solution generated:
31 27 32 29  (32)
2 18 15 24 21 20 3  (74)
23 14 13 11 7 6 34  (100)
16 35 37 33 30  (60)
22 17 8 5  (59)
26 36 19  (33)
4 25 9 28 12 10  (49)
Cost 853.768

Optimal Solution:
Route #1: 22 13 10 6 5 33 4 7
Route #2: 1 12 2 19 20 23 14 17
Route #3: 36 29 32 28 31 30 15
Route #4: 3 24 9 11 27 8 25 35 18 26 34
Route #5: 21 16
cost 669
-----------------------
A-n48-k7.vrp (0.78994ms)
Solution generated:
7 2 6 32 44 24  (94)
13 23 39 38 4 26 20  (95)
17 48 3 34 11  (100)
30 10 43 12 5 25 22 31 47 14  (94)
35 28 16 9 40 27 21  (96)
42 18 15 19  (63)
45 36 41 33 37 8 46 29  (84)
Cost 1225.03

Optimal Solution:
Route #1: 34 9 24 4 11 42 15 27 45 
Route #2: 32 36 38 19 25 22 6 
Route #3: 40 7 8 39 26 20 3 37 
Route #4: 41 2 10 47 17 14 
Route #5: 44 35 18 
Route #6: 28 29 21 30 13 46 33 16 
Route #7: 23 43 31 1 5 12 
cost 1073
-----------------------
A-n34-k5.vrp (0.379699ms)
Solution generated:
7 9 28 24 2  (99)
27 5 21 11 14 33 22  (98)
34 19 3 17 23 10 13 4  (92)
6 31 25 30 15  (79)
8 16 12 20 18 29 32 26  (92)
Cost 841.214

Optimal Solution:
Route #1: 18 21 32 28 31 25 13
Route #2: 4 26 5 24 30
Route #3: 10 17 19 11 23 1 27
Route #4: 20 33 16 22 12 3 9 2
Route #5: 14 29 8 15 6 7
cost 778
-----------------------
